1713193532908 0.0010000000474974513 0
1713193827231 0.0010000000474974513 1
1713194122488 0.0010000000474974513 2
1713194418116 0.0010000000474974513 3
1713194711327 0.0010000000474974513 4
1713195009819 0.0010000000474974513 5
1713195311309 0.0010000000474974513 6
1713195616416 0.0010000000474974513 7
1713195929502 0.00020000000949949026 8
1713196243842 0.00020000000949949026 9
1713196552763 0.00020000000949949026 10
1713196865701 0.00020000000949949026 11
1713197170046 0.00020000000949949026 12
1713197176288 0.0010000000474974513 13
