1713193532908 2.0951993465423584 0
1713193827231 1.1929616928100586 1
1713194122488 0.8506874442100525 2
1713194418116 0.6663552522659302 3
1713194711327 0.5358907580375671 4
1713195009819 0.45113229751586914 5
1713195311309 0.37587085366249084 6
1713195616416 0.32092082500457764 7
1713195929502 0.23109093308448792 8
1713196243842 0.19773222506046295 9
1713196552763 0.17429611086845398 10
1713196865701 0.15977542102336884 11
1713197170046 0.1457391381263733 12
1713197176288 0.8506874442100525 13
