1713286733680 0.0010000000474974513 0
1713287181709 0.0010000000474974513 1
1713287625723 0.0010000000474974513 2
1713288042828 0.00010000000474974513 3
1713288484691 0.00010000000474974513 4
1713288937503 0.00010000000474974513 5
1713289384402 1.0000000656873453e-05 6
1713289845924 1.0000000656873453e-05 7
1713290286998 1.0000000656873453e-05 8
1713290712179 9.999999747378752e-06 9
1713291141507 9.999999747378752e-06 10
1713291565930 9.999999747378752e-06 11
1713291988849 9.999999747378752e-06 12
