1713277402320 0.05259671434760094 0
1713277712021 0.07965318113565445 1
1713278023067 0.09706765413284302 2
1713278332671 0.12001707404851913 3
1713278643551 0.1822410672903061 4
1713278959349 0.27243420481681824 5
1713279270433 0.35877054929733276 6
1713279581737 0.47331154346466064 7
1713279905363 0.5895159840583801 8
1713280236871 0.6886298060417175 9
1713280569167 0.7498233318328857 10
1713280899686 0.7887004613876343 11
1713281230316 0.8263852000236511 12
1713281562191 0.8505122661590576 13
