1713277402320 0.0010000000474974513 0
1713277712021 0.0010000000474974513 1
1713278023067 0.0010000000474974513 2
1713278332671 0.0010000000474974513 3
1713278643551 0.0010000000474974513 4
1713278959349 0.0010000000474974513 5
1713279270433 0.0010000000474974513 6
1713279581737 0.0010000000474974513 7
1713279905363 0.0010000000474974513 8
1713280236871 0.0010000000474974513 9
1713280569167 0.0010000000474974513 10
1713280899686 0.0010000000474974513 11
1713281230316 0.0010000000474974513 12
1713281562191 0.0010000000474974513 13
