1713198746359 0.0010000000474974513 0
1713198990320 0.0010000000474974513 1
1713199234878 0.0010000000474974513 2
1713199479305 0.0010000000474974513 3
1713199724056 0.0010000000474974513 4
1713200029536 0.0010000000474974513 5
1713200273286 0.0010000000474974513 6
1713200517954 0.0010000000474974513 7
1713200762635 0.0010000000474974513 8
1713201007419 0.00020000000949949026 9
1713201426579 0.00020000000949949026 10
1713201672544 0.00020000000949949026 11
1713201919187 0.00020000000949949026 12
1713202165870 0.00020000000949949026 13
