1713185059563 0.329560250043869 0
1713185512456 0.6551164984703064 1
1713185966876 0.771911084651947 2
1713186418503 0.8259303569793701 3
1713186875190 0.8619385361671448 4
1713187333559 0.8865166902542114 5
1713187790868 0.9073678851127625 6
1713188249277 0.9222477674484253 7
1713188706838 0.9444983005523682 8
1713189170338 0.9524508714675903 9
1713189628024 0.9580619931221008 10
1713190091026 0.9613870978355408 11
1713190554796 0.9646568298339844 12
1713191014286 0.9667211771011353 13
1713191473920 0.9691179990768433 14
1713191935342 0.9714317321777344 15
1713191941856 0.8865166902542114 16
