1713185059563 0.0010000000474974513 0
1713185512456 0.0010000000474974513 1
1713185966876 0.0010000000474974513 2
1713186418503 0.0010000000474974513 3
1713186875190 0.0010000000474974513 4
1713187333559 0.0010000000474974513 5
1713187790868 0.0010000000474974513 6
1713188249277 0.0010000000474974513 7
1713188706838 0.00020000000949949026 8
1713189170338 0.00020000000949949026 9
1713189628024 0.00020000000949949026 10
1713190091026 0.00020000000949949026 11
1713190554796 0.00020000000949949026 12
1713191014286 0.00020000000949949026 13
1713191473920 0.00020000000949949026 14
1713191935342 0.00020000000949949026 15
1713191941856 0.0010000000474974513 16
