1713185059563 2.24053955078125 0
1713185512456 1.2070096731185913 1
1713185966876 0.8126394152641296 2
1713186418503 0.6131633520126343 3
1713186875190 0.48295992612838745 4
1713187333559 0.3889337182044983 5
1713187790868 0.3157872259616852 6
1713188249277 0.26529571413993835 7
1713188706838 0.18196634948253632 8
1713189170338 0.15569919347763062 9
1713189628024 0.13434645533561707 10
1713190091026 0.121500663459301 11
1713190554796 0.11192195117473602 12
1713191014286 0.10399914532899857 13
1713191473920 0.09593076258897781 14
1713191935342 0.08757807314395905 15
1713191941856 0.3889337182044983 16
