1713253607841 0.05207958072423935 0
1713253892292 0.11902518570423126 1
1713254177377 0.20183435082435608 2
1713254466778 0.2881903052330017 3
1713254753483 0.4028235673904419 4
1713255041179 0.47493696212768555 5
1713255327249 0.5648950934410095 6
1713255612420 0.6227243542671204 7
1713255899327 0.669677734375 8
1713256184971 0.7083183526992798 9
1713256471813 0.7374823093414307 10
1713256758303 0.7596912980079651 11
1713257045911 0.7745434641838074 12
1713257331381 0.8108288049697876 13
1713257627605 0.8275929093360901 14
1713257917617 0.8394386172294617 15
1713258206625 0.8444955348968506 16
1713258497812 0.8521987199783325 17
