1713253607841 0.0010000000474974513 0
1713253892292 0.0010000000474974513 1
1713254177377 0.0010000000474974513 2
1713254466778 0.0010000000474974513 3
1713254753483 0.0010000000474974513 4
1713255041179 0.0010000000474974513 5
1713255327249 0.0010000000474974513 6
1713255612420 0.0010000000474974513 7
1713255899327 0.0010000000474974513 8
1713256184971 0.0010000000474974513 9
1713256471813 0.0010000000474974513 10
1713256758303 0.0010000000474974513 11
1713257045911 0.0010000000474974513 12
1713257331381 0.00020000000949949026 13
1713257627605 0.00020000000949949026 14
1713257917617 0.00020000000949949026 15
1713258206625 0.00020000000949949026 16
1713258497812 0.00020000000949949026 17
