1713253607841 3.239699125289917 0
1713253892292 2.8663883209228516 1
1713254177377 2.406069278717041 2
1713254466778 2.0427968502044678 3
1713254753483 1.7011650800704956 4
1713255041179 1.500773549079895 5
1713255327249 1.2595527172088623 6
1713255612420 1.110268235206604 7
1713255899327 0.9856922626495361 8
1713256184971 0.8911957144737244 9
1713256471813 0.8071656823158264 10
1713256758303 0.7454636096954346 11
1713257045911 0.6905422806739807 12
1713257331381 0.5967025756835938 13
1713257627605 0.5565400719642639 14
1713257917617 0.5269782543182373 15
1713258206625 0.506912887096405 16
1713258497812 0.48195233941078186 17
