1713298679442 0.03812636062502861 0
1713298995604 0.07151269167661667 1
1713299308446 0.08122828602790833 2
1713299628469 0.1609697937965393 3
1713299943323 0.25522580742836 4
1713300259801 0.3632456064224243 5
1713300578539 0.44858092069625854 6
1713300899373 0.5226991772651672 7
1713301220797 0.580565869808197 8
1713301538519 0.6326031684875488 9
1713301860405 0.6764264106750488 10
1713302182628 0.7194694876670837 11
1713302505075 0.7341017723083496 12
1713302820376 0.7401960492134094 13
1713303131651 0.7438173294067383 14
