1713298679442 0.03307493031024933 0
1713298995604 0.0655580535531044 1
1713299308446 0.07895159721374512 2
1713299628469 0.1535094678401947 3
1713299943323 0.2478775531053543 4
1713300259801 0.35573291778564453 5
1713300578539 0.44072291254997253 6
1713300899373 0.5166040658950806 7
1713301220797 0.5751430988311768 8
1713301538519 0.6287009716033936 9
1713301860405 0.6755720973014832 10
1713302182628 0.719000518321991 11
1713302505075 0.7343311309814453 12
1713302820376 0.7410615086555481 13
1713303131651 0.7438899278640747 14
