1713298679442 0.0010000000474974513 0
1713298995604 0.0010000000474974513 1
1713299308446 0.0010000000474974513 2
1713299628469 0.0010000000474974513 3
1713299943323 0.0010000000474974513 4
1713300259801 0.0010000000474974513 5
1713300578539 0.0010000000474974513 6
1713300899373 0.0010000000474974513 7
1713301220797 0.0010000000474974513 8
1713301538519 0.0010000000474974513 9
1713301860405 0.0010000000474974513 10
1713302182628 0.00010000000474974513 11
1713302505075 0.00010000000474974513 12
1713302820376 0.00010000000474974513 13
1713303131651 1.0000000656873453e-05 14
