1713298679442 3.224238872528076 0
1713298995604 3.1719164848327637 1
1713299308446 3.0841479301452637 2
1713299628469 2.7501327991485596 3
1713299943323 2.3475258350372314 4
1713300259801 1.9054710865020752 5
1713300578539 1.6075290441513062 6
1713300899373 1.3435261249542236 7
1713301220797 1.1687170267105103 8
1713301538519 1.0274535417556763 9
1713301860405 0.9116512537002563 10
1713302182628 0.803176999092102 11
1713302505075 0.7649482488632202 12
1713302820376 0.7467591762542725 13
1713303131651 0.726257860660553 14
